Generator:
	A = 10
	w = 3
	p = 0.7
	dispersion = 0.5
	start time: 0
	step: 0.1
	sample size: 150

 --- RESULT --- 

Generated signal sequence: 
	0.000 6.381
	0.100 7.871
	0.200 9.978
	0.300 9.458
	0.400 9.480
	0.500 8.457
	0.600 6.002
	0.700 3.087
	0.800 0.647
	0.900 -2.455
	1.000 -4.236
	1.100 -7.382
	1.200 -8.651
	1.300 -9.545
	1.400 -9.888
	1.500 -9.003
	1.600 -7.399
	1.700 -3.992
	1.800 -2.290
	1.900 -0.171
	2.000 3.662
	2.100 6.309
	2.200 7.497
	2.300 9.704
	2.400 9.542
	2.500 9.401
	2.600 7.893
	2.700 5.509
	2.800 3.154
	2.900 0.677
	3.000 -2.529
	3.100 -5.815
	3.200 -6.976
	3.300 -8.825
	3.400 -10.122
	3.500 -9.455
	3.600 -8.149
	3.700 -6.912
	3.800 -4.639
	3.900 -1.081
	4.000 0.675
	4.100 4.136
	4.200 6.460
	4.300 8.628
	4.400 10.557
	4.500 9.975
	4.600 9.146
	4.700 7.725
	4.800 5.408
	4.900 2.233
	5.000 -0.414
	5.100 -2.480
	5.200 -5.028
	5.300 -8.446
	5.400 -9.777
	5.500 -9.184
	5.600 -9.677
	5.700 -8.753
	5.800 -6.104
	5.900 -5.342
	6.000 -1.206
	6.100 1.492
	6.200 4.611
	6.300 6.221
	6.400 9.235
	6.500 10.037
	6.600 9.250
	6.700 9.231
	6.800 8.248
	6.900 5.464
	7.000 2.662
	7.100 -0.613
	7.200 -3.107
	7.300 -6.270
	7.400 -7.515
	7.500 -9.393
	7.600 -9.933
	7.700 -9.751
	7.800 -8.578
	7.900 -6.118
	8.000 -4.273
	8.100 -0.660
	8.200 2.216
	8.300 4.730
	8.400 7.008
	8.500 8.788
	8.600 9.857
	8.700 9.027
	8.800 9.720
	8.900 7.558
	9.000 5.898
	9.100 3.205
	9.200 -0.628
	9.300 -3.178
	9.400 -4.854
	9.500 -8.051
	9.600 -9.022
	9.700 -11.418
	9.800 -9.004
	9.900 -8.632
	10.000 -6.811
	10.100 -4.246
	10.200 -1.447
	10.300 2.632
	10.400 5.111
	10.500 7.307
	10.600 8.218
	10.700 10.107
	10.800 10.212
	10.900 9.090
	11.000 7.099
	11.100 4.796
	11.200 2.195
	11.300 0.034
	11.400 -3.550
	11.500 -5.390
	11.600 -8.269
	11.700 -9.635
	11.800 -10.221
	11.900 -9.770
	12.000 -7.811
	12.100 -6.162
	12.200 -3.537
	12.300 -0.328
	12.400 1.168
	12.500 5.251
	12.600 7.215
	12.700 8.402
	12.800 10.684
	12.900 10.275
	13.000 9.168
	13.100 7.377
	13.200 4.214
	13.300 2.672
	13.400 0.643
	13.500 -3.116
	13.600 -7.102
	13.700 -8.708
	13.800 -10.586
	13.900 -10.505
	14.000 -9.664
	14.100 -8.451
	14.200 -5.719
	14.300 -3.278
	14.400 0.197
	14.500 1.910
	14.600 4.412
	14.700 7.458
	14.800 9.146
	14.900 8.821

Filtered signal sequence: 
	0.000 6.381
	0.100 8.077
	0.200 8.634
	0.300 9.049
	0.400 8.675
	0.500 7.297
	0.600 5.534
	0.700 3.147
	0.800 0.609
	0.900 -2.068
	1.000 -4.415
	1.100 -6.454
	1.200 -7.941
	1.300 -8.894
	1.400 -8.897
	1.500 -7.965
	1.600 -6.514
	1.700 -4.571
	1.800 -2.038
	1.900 0.704
	2.000 3.002
	2.100 5.400
	2.200 7.343
	2.300 8.491
	2.400 8.807
	2.500 8.410
	2.600 7.100
	2.700 5.327
	2.800 2.941
	2.900 0.199
	3.000 -2.298
	3.100 -4.694
	3.200 -6.853
	3.300 -8.239
	3.400 -8.705
	3.500 -8.693
	3.600 -7.855
	3.700 -6.047
	3.800 -4.021
	3.900 -1.564
	4.000 1.110
	4.100 3.764
	4.200 6.091
	4.300 7.951
	4.400 8.953
	4.500 9.206
	4.600 8.562
	4.700 6.898
	4.800 4.820
	4.900 2.494
	5.000 -0.056
	5.100 -2.827
	5.200 -5.229
	5.300 -6.983
	5.400 -8.423
	5.500 -9.168
	5.600 -8.699
	5.700 -7.812
	5.800 -6.216
	5.900 -3.983
	6.000 -1.310
	6.100 1.155
	6.200 4.071
	6.300 6.319
	6.400 7.871
	6.500 8.795
	6.600 9.200
	6.700 8.446
	6.800 6.971
	6.900 4.998
	7.000 2.531
	7.100 -0.373
	7.200 -2.969
	7.300 -5.380
	7.400 -7.244
	7.500 -8.572
	7.600 -9.034
	7.700 -8.755
	7.800 -7.731
	7.900 -5.876
	8.000 -3.482
	8.100 -0.821
	8.200 1.804
	8.300 4.416
	8.400 6.520
	8.500 7.882
	8.600 8.880
	8.700 8.990
	8.800 8.412
	8.900 7.081
	9.000 5.150
	9.100 2.571
	9.200 0.089
	9.300 -2.701
	9.400 -5.147
	9.500 -7.305
	9.600 -8.470
	9.700 -9.226
	9.800 -8.977
	9.900 -8.022
	10.000 -6.028
	10.100 -3.701
	10.200 -0.952
	10.300 1.872
	10.400 4.364
	10.500 6.675
	10.600 8.191
	10.700 8.987
	10.800 8.945
	10.900 8.261
	11.000 6.678
	11.100 4.643
	11.200 2.115
	11.300 -0.383
	11.400 -2.996
	11.500 -5.362
	11.600 -7.413
	11.700 -8.657
	11.800 -9.141
	11.900 -8.720
	12.000 -7.500
	12.100 -5.522
	12.200 -3.334
	12.300 -0.722
	12.400 1.954
	12.500 4.341
	12.600 6.544
	12.700 8.365
	12.800 9.149
	12.900 9.181
	13.000 8.344
	13.100 6.741
	13.200 4.815
	13.300 2.358
	13.400 -0.538
	13.500 -3.122
	13.600 -5.774
	13.700 -8.003
	13.800 -9.313
	13.900 -9.583
	14.000 -8.985
	14.100 -7.523
	14.200 -5.383
	14.300 -3.068
	14.400 -0.495
	14.500 2.140
	14.600 4.625
	14.700 6.349
	14.800 7.459
	14.900 8.821

Deviations sequence: 
	0.000 0.205 -1.344 -0.409 -0.805 -1.161 -0.467 0.061 -0.038 0.387 -0.179 0.928 0.711 0.651 0.991 1.037 0.885 -0.579 0.252 0.875 -0.661 -0.909 -0.154 -1.214 -0.735 -0.991 -0.793 -0.183 -0.213 -0.478 0.231 1.121 0.122 0.586 1.417 0.763 0.293 0.865 0.618 -0.483 0.435 -0.372 -0.369 -0.677 -1.604 -0.769 -0.584 -0.827 -0.589 0.261 0.358 -0.347 -0.201 1.463 1.355 0.017 0.978 0.941 -0.112 1.360 -0.104 -0.337 -0.541 0.098 -1.364 -1.242 -0.050 -0.785 -1.277 -0.465 -0.131 0.240 0.139 0.890 0.271 0.821 0.899 0.997 0.847 0.242 0.790 -0.161 -0.412 -0.313 -0.488 -0.906 -0.977 -0.037 -1.308 -0.477 -0.747 -0.634 0.716 0.477 -0.293 0.746 0.552 2.193 0.027 0.610 0.783 0.546 0.495 -0.760 -0.747 -0.632 -0.027 -1.120 -1.267 -0.829 -0.421 -0.153 -0.080 -0.417 0.554 0.028 0.856 0.978 1.080 1.051 0.311 0.640 0.203 -0.393 0.786 -0.909 -0.671 -0.037 -1.536 -1.093 -0.824 -0.636 0.601 -0.314 -1.180 -0.006 1.328 0.705 1.273 0.922 0.680 0.927 0.336 0.210 -0.693 0.230 0.212 -1.109 -1.687 0.000 
Deviation distribution function:
	-1.68691412 0.00666667
	-1.60351387 0.01333333
	-1.53564994 0.02000000
	-1.36392634 0.02666667
	-1.34412709 0.03333333
	-1.30766335 0.04000000
	-1.27741944 0.04666667
	-1.26674454 0.05333333
	-1.24208579 0.06000000
	-1.21377884 0.06666667
	-1.18043954 0.07333333
	-1.16073258 0.08000000
	-1.12015217 0.08666667
	-1.10852551 0.09333333
	-1.09333086 0.10000000
	-0.99088640 0.10666667
	-0.97699023 0.11333333
	-0.90919052 0.12000000
	-0.90875826 0.12666667
	-0.90625808 0.13333333
	-0.82868952 0.14000000
	-0.82735369 0.14666667
	-0.82443576 0.15333333
	-0.80475357 0.16000000
	-0.79274831 0.16666667
	-0.78485485 0.17333333
	-0.76901607 0.18000000
	-0.76040695 0.18666667
	-0.74730477 0.19333333
	-0.74705712 0.20000000
	-0.73480952 0.20666667
	-0.69284035 0.21333333
	-0.67656257 0.22000000
	-0.67087262 0.22666667
	-0.66058987 0.23333333
	-0.63586103 0.24000000
	-0.63356655 0.24666667
	-0.63215106 0.25333333
	-0.58886494 0.26000000
	-0.58387036 0.26666667
	-0.57898510 0.27333333
	-0.54089000 0.28000000
	-0.48817643 0.28666667
	-0.48345991 0.29333333
	-0.47758941 0.30000000
	-0.47662260 0.30666667
	-0.46708900 0.31333333
	-0.46532761 0.32000000
	-0.42109442 0.32666667
	-0.41716390 0.33333333
	-0.41161723 0.34000000
	-0.40930414 0.34666667
	-0.39340664 0.35333333
	-0.37239423 0.36000000
	-0.36901974 0.36666667
	-0.34680620 0.37333333
	-0.33659275 0.38000000
	-0.31415404 0.38666667
	-0.31325864 0.39333333
	-0.29264629 0.40000000
	-0.21335102 0.40666667
	-0.20112488 0.41333333
	-0.18270677 0.42000000
	-0.17944774 0.42666667
	-0.16129942 0.43333333
	-0.15383884 0.44000000
	-0.15349823 0.44666667
	-0.13077380 0.45333333
	-0.11242971 0.46000000
	-0.10386524 0.46666667
	-0.07972112 0.47333333
	-0.05013564 0.48000000
	-0.03825751 0.48666667
	-0.03722109 0.49333333
	-0.03680119 0.50000000
	-0.02696520 0.50666667
	-0.00627848 0.51333333
	0.00000000 0.52666667
	0.01671550 0.53333333
	0.02685889 0.54000000
	0.02824989 0.54666667
	0.06093322 0.55333333
	0.09827575 0.56000000
	0.12240765 0.56666667
	0.13850345 0.57333333
	0.20314255 0.58000000
	0.20543972 0.58666667
	0.20994755 0.59333333
	0.21238403 0.60000000
	0.23002125 0.60666667
	0.23140816 0.61333333
	0.23984254 0.62000000
	0.24233963 0.62666667
	0.25176611 0.63333333
	0.26128148 0.64000000
	0.27134025 0.64666667
	0.29330535 0.65333333
	0.31085747 0.66000000
	0.33587101 0.66666667
	0.35811770 0.67333333
	0.38713867 0.68000000
	0.43519544 0.68666667
	0.47683478 0.69333333
	0.49470995 0.70000000
	0.54563650 0.70666667
	0.55242764 0.71333333
	0.55392460 0.72000000
	0.58623854 0.72666667
	0.60071382 0.73333333
	0.60966902 0.74000000
	0.61798636 0.74666667
	0.63997285 0.75333333
	0.65121622 0.76000000
	0.67952535 0.76666667
	0.70488135 0.77333333
	0.71057432 0.78000000
	0.71611449 0.78666667
	0.74636082 0.79333333
	0.76288346 0.80000000
	0.78253809 0.80666667
	0.78572710 0.81333333
	0.79009357 0.82000000
	0.82087516 0.82666667
	0.84711565 0.83333333
	0.85604491 0.84000000
	0.86482999 0.84666667
	0.87452377 0.85333333
	0.88463302 0.86000000
	0.89018346 0.86666667
	0.89886582 0.87333333
	0.92198341 0.88000000
	0.92746907 0.88666667
	0.92823781 0.89333333
	0.94085242 0.90000000
	0.97767856 0.90666667
	0.97784151 0.91333333
	0.99109410 0.92000000
	0.99666656 0.92666667
	1.03747356 0.93333333
	1.05055001 0.94000000
	1.07963326 0.94666667
	1.12132142 0.95333333
	1.27261319 0.96000000
	1.32814184 0.96666667
	1.35457491 0.97333333
	1.35971327 0.98000000
	1.41663069 0.98666667
	1.46305117 0.99333333
	2.19254095 1.00000000

Autocorrelation function values: 
	1.00000000
	0.95127930
	0.82234903
	0.61919984
	0.35872258
	0.06526682
	-0.23581262
	-0.51246582
	-0.74109293
	-0.90316571
	-0.98566698
	-0.98306231
	-0.89197874
	-0.72065802
	-0.48278501
	-0.20133090
	0.09753838
	0.38812265
	0.64175027
	0.83830486
	0.95849053
	0.99534741
	0.94454536
	0.80824184
	0.59927380
	0.33329546
	0.03876003
	-0.26113350
	-0.53526490
	-0.75847939
	-0.91372245
	-0.98906780
	-0.97884256
	-0.88223633
	-0.70461882
	-0.46293862
	-0.17823055

